S500(255,0,0)(255,127,0)(255,255,0)(127,255,0)(0,255,0)(0,255,127)(0,255,255)(0,127,255)(0,0,255)(127,0,255)(255,0,255)(255,0,127)
S500(255,127,0)(255,255,0)(127,255,0)(0,255,0)(0,255,127)(0,255,255)(0,127,255)(0,0,255)(127,0,255)(255,0,255)(255,0,127)(255,0,0)
S500(255,255,0)(127,255,0)(0,255,0)(0,255,127)(0,255,255)(0,127,255)(0,0,255)(127,0,255)(255,0,255)(255,0,127)(255,0,0)(255,127,0)
S500(127,255,0)(0,255,0)(0,255,127)(0,255,255)(0,127,255)(0,0,255)(127,0,255)(255,0,255)(255,0,127)(255,0,0)(255,127,0)(255,255,0)
S500(0,255,0)(0,255,127)(0,255,255)(0,127,255)(0,0,255)(127,0,255)(255,0,255)(255,0,127)(255,0,0)(255,127,0)(255,255,0)(127,255,0)
S500(0,255,127)(0,255,255)(0,127,255)(0,0,255)(127,0,255)(255,0,255)(255,0,127)(255,0,0)(255,127,0)(255,255,0)(127,255,0)(0,255,0)
S500(0,255,255)(0,127,255)(0,0,255)(127,0,255)(255,0,255)(255,0,127)(255,0,0)(255,127,0)(255,255,0)(127,255,0)(0,255,0)(0,255,127)
S500(0,127,255)(0,0,255)(127,0,255)(255,0,255)(255,0,127)(255,0,0)(255,127,0)(255,255,0)(127,255,0)(0,255,0)(0,255,127)(0,255,255)
S500(0,0,255)(127,0,255)(255,0,255)(255,0,127)(255,0,0)(255,127,0)(255,255,0)(127,255,0)(0,255,0)(0,255,127)(0,255,255)(0,127,255)
S500(127,0,255)(255,0,255)(255,0,127)(255,0,0)(255,127,0)(255,255,0)(127,255,0)(0,255,0)(0,255,127)(0,255,255)(0,127,255)(0,0,255)
S500(255,0,255)(255,0,127)(255,0,0)(255,127,0)(255,255,0)(127,255,0)(0,255,0)(0,255,127)(0,255,255)(0,127,255)(0,0,255)(127,0,255)
S500(255,0,127)(255,0,0)(255,127,0)(255,255,0)(127,255,0)(0,255,0)(0,255,127)(0,255,255)(0,127,255)(0,0,255)(127,0,255)(255,0,255)